	GMRF Skyride: gisaid_H3_100901_190430_combined.log			
Time	Mean	Median	Upper	Lower
2019.326027	987.0467564421645	622.125810699247	3862.754268673168	133.53730987340376
2019.216037587771	818.5288069541197	527.9946483484389	3082.8632380571057	140.67758992218958
2019.1060481755421	649.9584121692043	438.6127143773658	2387.255387019696	120.71787916745299
2018.9960587633132	480.5727716214125	339.00232203216444	1700.8031270203455	90.9621152772311
2018.8860693510842	310.4218116993595	224.2240856679603	1091.3913257916083	56.59826241167295
2018.7760799388552	159.8194018342947	118.90689440517441	529.1968286484338	34.01771260644614
2018.6660905266262	72.85512533633245	59.06714172457656	205.14662780150482	21.466222862832065
2018.5561011143973	33.0802236768036	28.45818328737425	79.48334957239645	11.070244539974242
2018.4461117021683	15.651776075048687	13.923706052631974	35.236640822624146	5.913756550270804
2018.3361222899393	8.509851401038608	7.459652019080901	20.130374136384912	3.043639386195246
2018.2261328777104	15.43798184978748	12.606281512843863	42.43183525637108	4.682023468290192
2018.1161434654814	84.11117916114466	62.444946859538405	280.11655631592305	18.594024249269683
2018.0061540532524	208.88410164504444	166.44670246603044	624.2162120866504	50.841489973411164
2017.8961646410235	237.69293177094994	194.39241597315728	656.5165506106817	64.46794686890705
2017.7861752287945	158.60039082991156	131.03642234709068	443.27115220470466	44.31893134937466
2017.6761858165655	79.62641389911282	66.76101640988074	209.18856051225364	24.458619819651506
2017.5661964043366	32.363782494363534	27.98141386648985	78.34838038076744	11.335906750872061
2017.4562069921076	12.96647997292384	11.591067564893116	29.888372715403165	4.763281372412976
2017.3462175798786	6.3866329581851025	5.706169069162785	14.36061920833225	2.4844730898642875
2017.2362281676496	19.82194079594582	14.531697751608727	67.69687673178588	4.837087326285126
2017.1262387554207	99.30997250446708	76.93607141392604	315.93962201845414	22.29607476442781
2017.0162493431917	200.67846755872236	164.3571019559016	556.1171602142193	54.0202125621173
2016.9062599309627	215.17111288476445	177.15924949622396	577.6863815755332	59.67643198154105
2016.7962705187338	159.26118879066087	131.4789996481395	445.5065558127486	44.520449963404054
2016.6862811065048	82.73570128932715	68.91412910597569	221.8890995673926	25.984237619886176
2016.5762916942758	35.232317560083736	31.15116579078602	81.49589349784395	12.661531916627927
2016.4663022820469	15.379949012907518	13.502970760966122	35.67114058697471	5.680675981317406
2016.3563128698179	6.433004222044412	5.7716498616002845	14.537366275274966	2.475092358980743
2016.246323457589	8.672726037520047	7.24569094020283	22.588884849917793	2.822682744342268
2016.13633404536	38.89139260869877	32.48157232813025	101.11423099240875	12.029587481672097
2016.026344633131	50.27061532003869	42.56548360054776	131.87322151031418	15.017203336765421
2015.916355220902	48.104709189778404	40.214127680021804	124.38646864571646	14.936881511634912
2015.806365808673	58.36549580819385	48.34504718004871	162.80719383863257	16.865325140701444
2015.696376396444	65.92063913337854	55.63985801325364	170.05184499789817	20.865210061022555
2015.586386984215	44.06189935607095	37.627676496089755	112.14745746722151	14.206590194987395
2015.4763975719861	19.369183165265234	16.808542005081637	47.4857076003247	6.516531815806534
2015.3664081597572	8.024883667559697	7.083093525567354	18.67994848832799	2.8801920006182917
2015.2564187475282	11.410813744553455	9.305524755253398	31.63881954579137	3.348690979491465
2015.1464293352992	49.54739176879722	35.20313160715648	180.86631026936112	10.821822142104002
2015.0364399230702	120.55649897144164	95.10818351777549	364.6629677819469	27.292260168692536
2014.9264505108413	137.32245851421888	112.33669412622056	381.13662150393867	38.99923870806425
2014.8164610986123	87.45653090351975	72.5158764626971	237.96206886894097	24.915502363472008
2014.7064716863833	39.43283602791381	33.9847965721901	98.10466942098017	12.324587741099753
2014.5964822741544	13.943785122083685	12.281187202533934	32.73872191077686	4.894065886258852
2014.4864928619254	4.908566153318597	4.404895886088748	10.814945961431558	1.9297366720980835
2014.3765034496964	2.737497057538005	2.355328359993298	6.6416911905928915	0.9549591874753898
2014.2665140374675	35.80480244611049	27.995176216615192	109.71412882251188	6.588594445754172
2014.1565246252385	47.88863375873713	40.98949695730832	124.6086723225118	15.272303481749574
2014.0465352130095	29.214085884772675	24.5104963671735	78.79230129794949	8.51670633695031
2013.9365458007806	22.784881114364005	19.670391881934712	55.07548539941223	7.770675822383858
2013.8265563885516	26.768462531852478	22.87562313569608	67.97941381909094	9.224334973410837
2013.7165669763226	32.63933323517937	28.471543629137784	78.22251028515326	11.440413106506858
2013.6065775640936	20.204367864321565	17.48777910939995	49.749404595342334	6.813218507354097
2013.4965881518647	10.449072667215344	9.060700736885426	25.75926799965978	3.4806996138911113
2013.3865987396357	4.439262781733634	3.7534792895699853	11.22634828045103	1.3685131183891444
2013.2766093274067	3.1307449886233494	2.49732521541501	7.929951105282716	0.87510159862256
2013.1666199151778	29.543356978939574	7.512631846946286	249.82464598312765	1.8270661011213243
2013.0566305029488	208.61680619782013	162.41416487202792	691.7418303070103	16.588735090539004
2012.9466410907198	264.9310478233618	219.3416087116748	735.1848168712713	80.68387925487781
2012.8366516784909	206.93502366280848	172.63942683511033	560.8923529746216	58.292898432953336
2012.7266622662619	111.66475987321205	94.0838589163579	298.42636761182234	31.63452157387406
2012.616672854033	44.07418081022193	37.48115247014027	113.42207408929409	14.845147226122718
2012.506683441804	16.514258114022063	14.532746334534622	37.525535537087876	6.240898506426384
2012.396694029575	5.649518345979348	5.092905461243045	12.06417644173187	2.3040097468535365
2012.286704617346	9.3039680578658	6.94691605894694	29.654543212157936	2.641743349510706
2012.176715205117	70.28941890222924	58.53884046953579	189.35615551724	19.544442426470752
2012.066725792888	100.11804540803072	84.09415140893597	264.58897018846335	29.30052896129197
2011.956736380659	98.04401716497605	81.55312237651128	260.6108225816913	30.39934090259008
2011.8467469684301	78.6200265174819	65.09217270570714	205.9470497790631	24.04230568130113
2011.7367575562012	51.014483403639886	44.307554503322535	124.16302399965333	17.247425739303573
2011.6267681439722	23.423617340677435	20.421547302794067	56.06697246341365	8.206768532515468
2011.5167787317432	10.249509664596273	9.049216882473722	24.170239969015537	3.6777738794306845
2011.4067893195142	5.01416200748715	4.500395243259267	11.282827837936006	1.8987875043069304
2011.2967999072853	8.519106865141806	5.60745522602755	31.29189485073823	1.8094898889830255
2011.1868104950563	86.14546413277144	64.77560385835329	283.45950251833403	15.449658089102941
2011.0768210828273	191.2457678591387	152.87989118408458	586.0094688377244	44.21688302236854
2010.9668316705984	197.56043750022477	162.045549504518	553.9633038715274	53.05685532886374
2010.8568422583694	128.19018378703302	105.79034307793401	352.01237446793607	34.62120430159626
2010.7468528461404	62.982108961095214	52.28431303350749	171.2858361845665	18.68166506197654
2010.6368634339115	32.839912514795294	28.077861234794717	83.98030037763832	10.75520972776352
2010.5268740216825	15.193505183203095	13.107150584347387	37.18077974467589	5.2254626961340325
2010.4168846094535	7.755261820141242	6.664275095895094	19.657902950079553	2.558663595880721
2010.3068951972245	5.288735263047557	4.641471259309093	12.786060139351877	1.8116764125447817
2010.1969057849956	5.077752073448143	4.296497809585501	13.394955091892093	1.5783744998757112
2010.0869163727666	5.564877880677804	4.451611260364359	16.70738380849975	1.3650272831757801
2009.9769269605376	4.849399888583566	3.825792446143329	15.07527835371613	0.98564686927113
2009.8669375483087	3.1290924576713977	2.3271416500453244	10.57326781593288	0.521907873963846
2009.7569481360797	1.7865846832145773	1.2812011976064286	6.348748429995715	0.29482155129925497
2009.6469587238507	1.2512612061354351	0.8786264896378304	4.548394005725892	0.22305776350335035
2009.5369693116218	1.4693741302630647	0.8915282799668889	6.265075777921986	0.22209904307242667
2009.4269798993928	2.1447180218384285	1.1417278506970652	10.179580502839384	0.25063286550627284
2009.3169904871638	2.6885128772306195	1.3828940772806495	11.829835161629823	0.32217469206149063
2009.2070010749349	2.941440745120478	1.4984434373504114	15.269701657678109	0.36648151440913973
2009.0970116627059	3.3858992065374403	1.7573639191387438	16.773171061104026	0.34909412242073
2008.987022250477	3.703917093565912	1.409754117183372	20.534946302475717	0.28219223335704013
2008.877032838248	1.731522705309669	1.2351894028672787	4.135884348729994	0.5346586853972304
2008.767043426019	NaN	NaN	NaN	NaN
2008.65705401379	NaN	NaN	NaN	NaN
2008.547064601561	NaN	NaN	NaN	NaN
2008.437075189332	NaN	NaN	NaN	NaN
