	GMRF Skyride: gisaid_Vic_100901_190430_combined.log			
Time	Mean	Median	Upper	Lower
2019.326027	186.56423258594828	114.77703725230575	805.6207171226284	18.497104752534383
2019.227295184435	166.4168988843327	117.89236517194303	607.7531095216525	27.367884746036793
2019.12856336887	146.22084337249498	110.14756917624109	488.8569080552321	28.775119656245376
2019.0298315533048	123.98425548194781	95.69242110840884	390.52671956573755	27.233685534888448
2018.9310997377397	100.58868471802295	80.70235882126434	298.46418382490424	27.149669466853734
2018.8323679221746	79.32139381355348	65.60806735356883	217.9206883383933	23.2341128067354
2018.7336361066095	59.74594756498656	50.59829753484575	155.48046463678526	19.470076409142163
2018.6349042910444	44.27903139396984	38.318629472426814	109.61829717150808	14.96154052691346
2018.5361724754794	30.409173060845085	26.315672130556337	74.82028749180358	10.595566706608048
2018.4374406599143	17.838052559522893	15.384021066068437	44.47533424709182	6.066603766200311
2018.3387088443492	9.817571515496812	8.647594911153535	22.758856091001697	3.577532722581646
2018.239977028784	8.879508483115714	7.169246538847238	24.646207363054085	2.871258627574748
2018.141245213219	15.669459414841667	8.212295889286645	88.3149282938078	2.8617031008523126
2018.042513397654	30.58942802667575	11.632062003238298	171.77078693730328	2.9295361722894766
2017.9437815820888	51.545233698382546	24.691942395141375	227.06071507035756	3.4023865780941698
2017.8450497665237	77.57468160307567	61.711045689228044	254.57624254761552	4.538474162951854
2017.7463179509587	96.76276223033341	81.80253944078285	265.53567822250744	10.324166122784385
2017.6475861353936	79.85737066677052	66.75602501187896	206.00928197723547	24.2382592255858
2017.5488543198285	44.02173466099374	37.393205642770575	111.24494161360548	14.431842673755902
2017.4501225042634	21.9902996278431	19.283966943203357	51.555535749732286	8.308215234245662
2017.3513906886983	11.826129885640954	10.564306152434593	26.343245852795746	4.647773162528802
2017.2526588731332	7.490995136308525	6.789309175217944	16.12486491984701	3.015778193272614
2017.1539270575681	5.844835621209244	5.301236912623606	12.500898052051822	2.3508765037354644
2017.055195242003	5.010744888775024	4.505106407435801	10.911078915350178	2.0526444043867103
2016.956463426438	4.906988822591954	4.212375717548526	11.54544050919417	1.819525737323943
2016.8577316108729	25.578714890942134	5.944808567496514	208.77506950108818	1.8958166357371466
2016.7589997953078	115.21867923512	91.32854996669423	379.93486002368905	3.7476941563217814
2016.6602679797427	62.21510661501686	49.900756129777534	173.2498337851029	16.530460919385273
2016.5615361641776	26.032980818658558	22.023634473645377	67.0577727619385	8.502099116293293
2016.4628043486125	14.222871500826692	12.26504623157764	34.49986658397565	5.210029824549256
2016.3640725330474	29.161254594975485	13.780091973543918	157.13058449179823	4.413328565979812
2016.2653407174823	83.10834519380596	53.71348183696597	313.1159378783652	5.525751451067581
2016.1666089019172	112.62126378814392	91.44588902220707	354.4914993846614	8.16092981488412
2016.0678770863522	124.10168914709637	103.25900541171434	349.8109319389899	19.096123245379435
2015.969145270787	98.42082830827765	80.0531509824995	273.7795359129334	28.316150111823585
2015.870413455222	58.45192285073126	48.614196373711195	159.30171310410256	18.38749863426382
2015.771681639657	33.77571775427504	29.143389265817994	80.8648608171004	11.996051752795331
2015.6729498240918	21.140826319161793	18.61968422400443	48.5122339383946	8.017493827563555
2015.5742180085267	13.924155167588067	12.445538542291768	30.755554429330488	5.50683157499297
2015.4754861929616	9.161560402628204	8.28094194114486	19.387704673110655	3.885958467876629
2015.3767543773965	6.026601122022866	5.461693204632274	12.842037448338179	2.558290380777366
2015.2780225618314	4.274676658995913	3.8725735552995126	9.081320011288955	1.819476214632674
2015.1792907462664	3.345815526621336	3.03993108050619	7.016532688285398	1.3787545192002697
2015.0805589307013	2.7755605552979987	2.5347844858709605	5.877361143232601	1.120254966210686
2014.9818271151362	2.4918463859264364	2.2122636139159004	5.730576337744259	0.9360557359083199
2014.883095299571	4.092362342814326	2.5651323832863993	16.939387428897046	0.9009233729221859
2014.784363484006	16.00209446714536	8.620815603436533	68.56143433805191	1.2579895637263432
2014.685631668441	33.64912166383289	28.540677371594747	90.30010282439343	4.968959645736555
2014.5868998528758	27.637293500805864	23.829123850761487	68.79725346194684	9.468889263339781
2014.4881680373107	15.75032744358187	13.888222655273106	36.863741357991316	5.828252751280078
2014.3894362217457	9.15489619411128	8.124952094657129	20.70451885869191	3.4678920500071535
2014.2907044061806	5.626851604969719	4.972105251332468	13.092960140875332	2.052702869269505
2014.1919725906155	5.275287251570597	4.229331403957603	15.348642266516016	1.4105527715580277
2014.0932407750504	9.776986708682971	8.227248732952924	25.243286257140333	3.0195319605313298
2013.9945089594853	6.603475971638504	5.394776785032895	18.280577580206653	1.571675183364952
2013.8957771439202	1.8376586991090051	1.4544541900695236	5.515413273182807	0.4382431902623228
2013.7970453283551	5.860223930440528	4.602684746128797	19.26875253458922	0.4639550105701227
2013.69831351279	8.341998294203433	7.373896536694025	19.342499927603573	3.0269295301095607
2013.599581697225	7.076568938311212	6.394745892085389	15.495070585642189	2.8501024740784113
2013.5008498816599	6.571917171074654	5.9505709991186375	14.302158788387532	2.575877042305035
2013.4021180660948	6.388671018737163	5.710630588582633	14.017923267577633	2.519579724974795
2013.3033862505297	6.350785956034049	5.673530686143692	14.058400866715782	2.5016567283641495
2013.2046544349646	6.3130102612713905	5.639237258216976	13.777541530097393	2.5272321643303775
2013.1059226193995	6.319978684666667	5.657606495728334	14.047829885720551	2.485059391637008
2013.0071908038344	6.4684082358363115	5.703759491111793	14.953243653052327	2.4505927874343487
2012.9084589882693	7.1646388249739115	6.327844553431498	16.766066759564485	2.554229298659383
2012.8097271727042	8.180070512655806	7.201902878019969	18.363632452127685	3.0961914265550643
2012.7109953571392	8.140831761520984	7.170710558106373	19.292668202914165	3.0034038044469833
2012.612263541574	6.918934565948834	5.937746625060042	17.488580514734842	2.195829308632332
2012.513531726009	7.3667952290471765	6.25851851140415	19.281301560588133	2.2048514485567248
2012.414799910444	10.686775808100567	8.850504247402197	29.266270374697747	3.1368160611784464
2012.3160680948788	11.500493250644272	9.593880268207045	31.23357110843018	3.4683473057651666
2012.2173362793137	8.879649408941367	7.387614201866952	24.227465868481893	2.691533709764229
2012.1186044637486	4.713350975878515	3.857432034216185	12.655461500360966	1.3803186536038468
2012.0198726481835	116.07322452325185	71.28518160260353	499.85941244615395	1.7499242931389254
2011.9211408326184	75.34900242176042	61.06219089982458	213.09903466334544	22.60420908299737
2011.8224090170534	39.346632863896566	34.18485957983455	95.921445911943	13.534602513483536
2011.7236772014883	26.40315304646977	23.617154022039525	61.72728861452097	9.924501892162072
2011.6249453859232	19.874243484565145	17.814159493089242	44.77541479868088	7.7215355693234065
2011.526213570358	16.220970022472617	14.449950883318142	35.79351609968674	6.47504475665831
2011.427481754793	13.971373063165446	12.476910780096485	31.106667573764163	5.765973145288204
2011.328749939228	12.491582529734101	11.229190485474875	27.070743311635155	5.167757449051668
2011.2300181236628	11.5825739831332	10.39277105157023	25.177361549116643	4.822918904149321
2011.1312863080977	10.771678318123627	9.743343359115219	23.10666213130525	4.390218583640597
2011.0325544925327	8.992569779740462	8.113716637227759	19.726969894772417	3.534841568504906
2010.9338226769676	7.923062709107295	7.057680127728028	17.880171135900046	3.1127273937786972
2010.8350908614025	6.38408054484117	5.6567774595373885	14.723402471909907	2.4406238800582813
2010.7363590458374	5.15556813473738	4.491916808444707	12.259324162005477	1.8597710124655873
2010.6376272302723	4.340244208051751	3.7344830818292114	10.632673206706588	1.4716334503776698
2010.5388954147072	3.7852501673257546	3.213566474630124	9.856640498275805	1.2278603299214481
2010.4401635991421	3.4626338001603463	2.885153167765156	9.296639730786652	1.0603891779645003
2010.341431783577	3.255736347633932	2.6876475072516732	8.83067865935856	0.9707217752302949
2010.242699968012	3.139841887968855	2.561625588394595	8.645705339448492	0.916498138545925
2010.1439681524469	3.0055104005248743	2.4733709148072265	8.4286270428072	0.8615939436304314
2010.0452363368818	2.83934336357767	2.3083981072259094	8.071005454116102	0.7786898355081762
2009.9465045213167	2.609409286375261	2.1017249331068864	7.420576429219816	0.6676942093391002
2009.8477727057516	2.341939558779363	1.8729923854935493	6.859747274431687	0.5279730558530196
2009.7490408901865	2.07021200712464	1.6566283245047635	6.353561405096084	0.4523899310166188
2009.6503090746214	1.9319251083957445	1.5448827183352114	5.592354178149538	0.4342033155443295
2009.5515772590563	NaN	NaN	NaN	NaN
