	GMRF Skyride: gisaid_Vic_100901_190430_combined.log			
Time	Mean	Median	Upper	Lower
2019.326027	186.56423258594828	114.77703725230575	805.6207171226284	18.497104752534383
2019.227295184435	167.9457614284711	123.18272554564672	586.2724137951346	33.13775347618001
2019.12856336887	140.6839679817702	111.57944475314314	417.3540871073235	34.93677410861197
2019.0298315533048	106.9107260224236	87.72232039775454	298.33328048556865	29.793862320219652
2018.9310997377397	68.2679387236401	57.66874871667713	177.98738979072402	21.04707184891543
2018.8323679221746	46.48989813293663	40.07223847412653	114.50224206160556	15.503597400504242
2018.7336361066095	30.597403653869833	26.509237712480243	75.37661989729779	10.748310082030388
2018.6349042910444	19.51659448713643	17.009328684422243	47.37159555362496	6.918401554482011
2018.5361724754794	11.946283591825923	10.543296050314778	27.695396341391508	4.463440956834916
2018.4374406599143	8.684670220553112	7.627823931288919	20.5630152655258	3.117491479510957
2018.3387088443492	15.078334531921417	10.993268169514907	51.88154720902112	3.536634686340941
2018.239977028784	63.52469316055507	48.00773215060883	203.5807362438851	14.362685570855342
2018.141245213219	125.79289582425326	104.54143049516043	349.92061216053025	37.16187977026413
2018.042513397654	143.2658416787623	121.26866871429942	376.498443091459	44.79834960943163
2017.9437815820888	106.5548345374297	91.40336246192747	262.1515547955194	34.95602368587203
2017.8450497665237	62.98148812857682	54.84073718906725	153.11967329549458	21.90653983731208
2017.7463179509587	33.07834322823129	29.341335686823754	77.4673296243937	12.166845128939102
2017.6475861353936	17.41634435197864	15.479332308715797	39.25477260269778	6.639476282172617
2017.5488543198285	9.400317198185201	8.351488251566918	21.152599222721236	3.5576384911248877
2017.4501225042634	5.5230741139290815	4.926858930436572	12.398969625760165	2.231307638017746
2017.3513906886983	9.232388552789043	6.284707924619545	32.61148981488508	2.1469725696708553
2017.2526588731332	102.9036170475764	62.71592995076569	421.6501012171559	14.236270658049529
2017.1539270575681	222.96576908798934	183.8809858267881	629.368601168768	57.291685822850255
2017.055195242003	235.71538800974315	198.52332934494808	623.357026424593	69.51265896529021
2016.956463426438	192.7457995377085	159.1983749816031	532.1294001675353	54.480938442915026
2016.8577316108729	135.92353607698544	115.11592154132566	356.6240847771977	40.22447570230858
2016.7589997953078	91.74550076055961	78.71115780032477	228.8358828203112	30.06500627490813
2016.6602679797427	59.08772296055876	51.29079992684713	143.2440521559435	20.420625027850832
2016.5615361641776	33.23607089965379	29.300032689493655	78.02136911311129	12.213871318662123
2016.4628043486125	17.906683740702437	16.03268312920823	39.89016066876267	6.819633136181946
2016.3640725330474	12.704572198952944	11.06934332757948	30.78578632292525	4.37818295047617
2016.2653407174823	42.55326244039014	34.21199343247835	121.23755784843009	12.244322744594223
2016.1666089019172	145.58289495852924	117.24883838578303	415.9944887955504	40.746579428770595
2016.0678770863522	204.44778016430558	171.20864808282914	541.4928120072607	62.82612588128265
2015.969145270787	172.03304995372903	146.12519973688134	448.44585354032927	55.07042255156575
2015.870413455222	109.36807190439829	93.38042455421397	274.970119118879	36.75322825045357
2015.771681639657	57.73005361797285	50.54855702367476	136.82744372495924	20.50838051439525
2015.6729498240918	28.01670641844202	25.06853451695487	63.9341320814888	10.380845329871375
2015.5742180085267	13.079134126213692	11.758234202939926	28.587899967213744	5.161773555292015
2015.4754861929616	5.783320484926648	5.246681006224355	12.514870034722067	2.3145603443057854
2015.3767543773965	2.573583973285478	2.336209935677955	5.629452066549997	0.9671032888099237
2015.2780225618314	5.66572567153755	4.841428111488247	14.590818284249067	1.8896494049157508
2015.1792907462664	27.43785202450294	22.274671031032636	78.07964193396916	7.981558161958342
2015.0805589307013	48.608338726720284	40.934393091676824	125.06737437466282	16.065112172509032
2014.9818271151362	40.01131836715983	33.585301989869336	103.93846667313443	12.492485751529859
2014.883095299571	30.08418019235443	25.710355278809633	78.355764917065	9.68247325715144
2014.784363484006	16.63863650574341	14.35166605413166	41.107159735882654	5.73108919344101
2014.685631668441	10.439732600584522	9.112658380889968	25.359045887530037	3.6104023430769656
2014.5868998528758	6.856340100729289	6.032516310678302	16.20884591026973	2.4393353974179153
2014.4881680373107	5.236952170088931	4.532029122173251	12.775517726190943	1.8034042260721623
2014.3894362217457	4.910098901404503	4.115725429988083	12.840081559879863	1.4650112876638732
2014.2907044061806	6.661561199044689	5.520571470238074	18.24644478710737	1.8546101057128614
2014.1919725906155	9.196676293354846	7.813753776801273	23.70163153869528	2.9505644467501155
2014.0932407750504	9.97599254687784	8.53451146839788	25.552288459315275	3.2396650236454567
2013.9945089594853	11.53727357449345	9.745406179042787	29.77571321859457	3.7206799691790717
2013.8957771439202	13.202540915895572	11.152576735516066	33.8034100379794	4.185036227736581
2013.7970453283551	12.61453269406607	10.71113028834945	32.73550005187906	4.006341942426781
2013.69831351279	8.650072795677225	7.245200192313036	23.16520610404575	2.5279914745937644
2013.599581697225	4.524703728268844	3.8063806439957952	12.13100367082885	1.2628523185293405
2013.5008498816599	2.1739362397727424	1.827934022782664	5.852251104431963	0.5853686638694828
2013.4021180660948	1.4599087439475387	1.1770620522600144	4.213031042764191	0.36602368873409086
2013.3033862505297	3.294955940461451	2.455521684201837	10.758243247286252	0.680953792456491
2013.2046544349646	7.980455048134139	6.729525817260747	21.253474144208777	2.4203962719691425
2013.1059226193995	10.850619358681765	9.446632624444645	26.380274771728704	3.8589237443623334
2013.0071908038344	8.083941836657594	7.16266618564681	18.486085577399773	3.0600148110795047
2012.9084589882693	6.907527757726818	6.2423013438331845	15.149402284378727	2.7252690986677996
2012.8097271727042	7.6663199561736395	6.840473493668053	17.13758688028084	2.881939097156768
2012.7109953571392	9.436606847376233	8.354305160215802	21.369472414164	3.559713485448683
2012.612263541574	9.646709826843525	8.48082947821642	22.465964575003294	3.4718399873413954
2012.513531726009	9.275637142277274	8.016417552669362	22.821481552309148	3.1103469953086753
2012.414799910444	8.320722474258773	7.109779407667579	20.96540318054549	2.6958391853743975
2012.3160680948788	6.445034251466452	5.475316695841862	16.606291766767875	2.0270589194904756
2012.2173362793137	7.319607428634852	6.322962801579864	17.915174293607247	2.422870170986004
2012.1186044637486	9.230883841321512	7.991700130146467	22.818370807842413	3.0436282343577123
2012.0198726481835	11.39004016526598	9.799273948221629	28.968964056000125	3.794115443663363
2011.9211408326184	14.079516387911172	11.737651772777355	36.96005357899076	4.233795068405453
2011.8224090170534	14.648438895251982	12.114988787913457	39.53104469576736	4.196035848066444
2011.7236772014883	13.9705496033414	11.574955694485157	37.462919068720645	4.125695731207535
2011.6249453859232	10.834200028526006	9.031204855917036	29.172616352933407	3.1152580612263945
2011.526213570358	7.041873186604838	5.905575511876258	18.488000829624863	2.06523545623822
2011.427481754793	5.520750846484425	4.208501331490717	14.650769936822181	1.4808873635141138
2011.328749939228	25.14168925324441	6.706671373804082	188.27573643237838	1.5963810549307826
2011.2300181236628	140.2435855958579	83.85982329018182	584.2527858590652	6.609223110027948
2011.1312863080977	235.52999376666392	187.59857086177448	726.5564454331159	42.08000224532733
2011.0325544925327	269.58994574167656	222.3129551755313	757.7435166725464	67.56651626724826
2010.9338226769676	271.386600314489	223.10875491768672	744.4584007646688	75.16400710430335
2010.8350908614025	219.53033606866117	181.14712573000398	626.1787281686621	60.52095730286652
2010.7363590458374	143.5253923253234	118.9375562500098	398.67182846405905	40.95335923580276
2010.6376272302723	80.47901105893602	67.1255981215147	215.74913488306228	24.065318565465745
2010.5388954147072	45.16344759088246	38.14002654541273	116.35735676889307	14.274386176306239
2010.4401635991421	26.051172702018924	22.468152151112196	64.60379291687953	8.255536627120788
2010.341431783577	15.867892169609357	13.64520969787593	40.042295380270936	5.012665248301283
2010.242699968012	9.90212852775523	8.682640902856296	24.563839540828177	3.150949623981216
2010.1439681524469	6.8832713109593815	5.926097309464749	17.545061789061045	2.1187090481792303
2010.0452363368818	5.197154639634532	4.39118202443426	13.749092663779368	1.530056191190764
2009.9465045213167	4.293269871294938	3.559296709909586	12.015324746342706	1.187404073573977
2009.8477727057516	3.611206846387029	2.9150362736753435	10.797844543002585	0.8080426543270802
2009.7490408901865	2.783364977523324	2.186891710847102	8.773477841192966	0.4511689420420072
2009.6503090746214	1.8876221591270164	1.3675755122736646	6.507827581459968	0.22253127570725284
2009.5515772590563	NaN	NaN	NaN	NaN
