	GMRF Skyride: gisaid_IAV_H3_combined.log			
Time	Mean	Median	Upper	Lower
2020.2158	888.2073396963358	583.4714327744585	3805.1179905429444	112.08540378927711
2020.1168597956307	731.7409066230182	495.2250657355943	2998.291637046944	134.1373167617306
2020.0179195912615	576.2184419723153	406.0563790347621	2184.5209698678364	122.24881325253533
2019.9189793868923	427.7183187780081	312.2230215348478	1530.349416716685	75.63236278756125
2019.820039182523	297.1005030438309	219.33298833880573	1045.0420338348267	41.217363393547494
2019.7210989781538	180.71669762857277	123.21376781834053	689.6122801192987	26.66652503477937
2019.6221587737846	66.64216070364417	47.240453715558544	231.4131750179398	16.120908493634722
2019.5232185694153	19.21582439263811	16.467087041464577	48.04626126463696	6.664763546471093
2019.4242783650461	6.8620914894273115	6.2061448158000445	14.897870230530087	2.7552105976719616
2019.325338160677	6.618754842652944	4.442593044119278	25.212045379721154	1.7929186387460503
2019.2263979563077	44.14743801076802	22.652807962844726	203.73387414913347	2.9581074439509436
2019.1274577519384	93.19019714102149	71.00367553409734	317.8222169434387	5.7675118310421345
2019.0285175475692	119.05291738383504	95.97320766629538	364.5855637945073	13.68882531711126
2018.9295773432	122.02824559471324	99.96508274447463	355.63501934570814	28.17921502327677
2018.8306371388308	97.57864631874202	79.85759063852824	275.70656892271836	27.386285276758283
2018.7316969344615	58.47867359623727	49.16147599599191	152.28778086991733	18.70375425107815
2018.6327567300923	31.09715196356277	26.843502457430752	77.91950000795316	10.946119206181976
2018.533816525723	17.07314823560122	15.17389669118631	39.40470751635742	6.328335344828444
2018.4348763213538	10.18268311693151	9.186228096943802	22.63068651251153	3.865914744419992
2018.3359361169846	9.022927227535835	7.557035682466855	23.596443746408855	3.070931702200894
2018.2369959126154	32.638551129184435	16.814226314053514	160.87541040543624	4.087403637282298
2018.1380557082462	83.9364912378489	58.096242754814625	315.87268693880867	7.288521391376842
2018.039115503877	126.08561667757903	103.01742158483532	380.53962224200916	14.907576092661838
2017.9401752995077	152.02080515245277	127.74851988607534	411.78230080316746	36.18180575240055
2017.8412350951385	141.46628328464004	115.2891389082253	392.52612979391995	39.91822435997224
2017.7422948907692	98.80683755687816	81.91225362354602	266.90422051438503	28.564232433080413
2017.6433546864	52.51706809966763	43.386601642240876	143.9951745952192	16.184621946384347
2017.5444144820308	21.513160566057667	18.600946477796427	53.35011402065056	7.802234161299357
2017.4454742776616	8.744457285181332	7.78778807572793	20.01583296665222	3.4863859532561845
2017.3465340732923	5.4571521577349005	4.72133261187038	13.190676767677322	2.108624446484376
2017.247593868923	25.37915899648729	12.19779622135636	134.46803739650773	2.722628202980105
2017.1486536645539	74.87354548186467	49.646757807846285	284.08785137749584	5.871035198436759
2017.0497134601846	123.84268081141046	98.96849220070092	377.4694137355995	14.772468076418745
2016.9507732558154	142.31690042216232	117.00669972828116	392.59116978332094	31.948690483118042
2016.8518330514462	132.64808288178776	109.13582737236788	370.470011767066	36.69364611753838
2016.752892847077	96.73845439200313	79.91598062020817	262.39459044556736	28.62251962815904
2016.6539526427077	58.028027555829205	48.66085815443187	154.46591513261396	17.868645282258772
2016.5550124383385	29.08386904228277	24.866320158444527	74.06740128292564	10.065913788034807
2016.4560722339693	13.853964264002634	12.17657627615685	32.948323212685466	5.301600272165661
2016.3571320296	7.843262648160263	6.977619506476279	17.89581133419098	2.9890240079974615
2016.2581918252308	13.612647153478344	9.991380429720914	43.51582614742852	2.9779553224226145
2016.1592516208616	26.534045381784296	21.424945073573344	77.72550747167774	4.79630536985075
2016.0603114164924	36.71618705068039	31.3809903228787	99.21619895952541	9.625531254918382
2015.9613712121231	46.42512027576364	38.63178318246165	125.40974583452902	13.846567702471056
2015.862431007754	57.192873462787176	47.72369298148337	155.6428042042064	16.753895337858676
2015.7634908033847	59.28117068626545	50.57955321745931	151.1758354137895	18.97388320860642
2015.6645505990155	48.64800006472374	41.116575255874224	129.15391180399635	15.196528594365963
2015.5656103946462	30.530436285332787	25.11351497021704	82.08655709937175	9.31462756248299
2015.466670190277	15.272034111501583	13.021654043251514	38.46482075127492	5.369971382444692
2015.3677299859078	9.243464196010752	8.04179407706351	22.212437370791015	3.388349920734201
2015.2687897815385	25.515803676098084	11.533514221755434	154.18235224877486	3.385278368264893
2015.1698495771693	66.65725459945946	36.41747437766987	285.9686211644991	4.287389912108301
2015.0709093728	96.92075873514968	72.55021214898974	332.13404899444924	6.27540750693948
2014.9719691684309	117.9780693028132	93.8704970594989	362.009531008723	10.698849773820303
2014.8730289640616	120.28048713235802	97.09740944762191	355.3187720748465	21.23481741200048
2014.7740887596924	91.58771602636769	73.50498780098576	265.0072578495337	24.833731525006886
2014.6751485553232	45.655197983396896	36.994624257328475	128.9315262057667	13.603727139637487
2014.576208350954	17.769539866316844	15.333972820435763	44.14769613261443	6.497458404441103
2014.4772681465847	7.629685041276843	6.857992962966081	16.70617851851856	3.077325038435224
2014.3783279422155	5.832445596018219	4.945851545176731	14.547202240830849	2.2029763543449254
2014.2793877378463	15.482027372010629	11.417922932015786	50.333335533990265	2.765661912529298
2014.180447533477	24.39447355817933	20.82666956146838	63.82585674138416	4.80185924589263
2014.0815073291078	23.393759808571396	20.17470146628492	58.748674678944916	8.240394334647123
2013.9825671247386	17.499812084358062	15.450204228717677	41.440770067219745	6.38792663065166
2013.8836269203694	20.869677804175442	17.899084107243432	51.603057189020404	6.893033760575037
2013.7846867160001	26.120008699663842	22.742864724799517	63.640529168856034	8.705866043623388
2013.685746511631	25.43969946542371	22.199359630919574	60.56408323770711	8.98021696415567
2013.5868063072617	17.45989558752792	15.03046193384874	43.70504043471231	5.9254650581045425
2013.4878661028924	9.930304807037292	8.61421039852166	24.13579463114582	3.444802393645673
2013.3889258985232	5.813362859308539	5.046848344279812	13.919762052035725	2.052794517981861
2013.289985694154	6.3277431300267075	4.4244317197652085	17.721570116679175	1.7520302040735531
2013.1910454897848	30.58288289365148	7.289208048565297	261.23223510748045	1.944967980821327
2013.0921052854155	104.3947359989035	46.862362013110705	485.5666736816696	2.788817346201701
2012.9931650810463	134.31440622733086	101.93574668558047	479.4245472219363	3.6305774169732543
2012.894224876677	146.7744628601401	118.08038059942155	487.81488244032107	4.275326904578103
2012.7952846723078	156.23033274275008	125.17294081988676	504.41365649476296	6.842152474385049
2012.6963444679386	129.09683715102565	99.6814600816833	408.73635172799504	26.206183555098164
2012.5974042635694	73.49959668920027	58.577957065814005	218.70135792201688	19.52685811208849
2012.4984640592002	38.26840213630249	31.74861913477863	102.66709613735384	12.557693299981201
2012.399523854831	22.490753025229743	19.59224796881789	54.40271896316829	7.782115877190749
2012.3005836504617	14.183198375980114	12.345654201607825	34.350037384432085	4.743574091271546
2012.2016434460925	8.841178084637543	7.704517145516459	21.602315818486275	2.757562699441122
2012.1027032417232	5.4470666951006494	4.630386434871188	13.986299112756557	1.6870149682070856
2012.003763037354	3.812618789354374	3.2056895179846427	10.03494705418718	1.093638194437254
2011.9048228329848	2.802571815103012	2.3075848002554795	7.6663117158763185	0.7456356015107851
2011.8058826286156	2.1577495523827843	1.7659912050414186	6.180879773616489	0.5351461924316921
2011.7069424242463	1.8711143318717163	1.4615495094179871	5.648456638782819	0.44654329228871886
2011.608002219877	1.8492965410165134	1.3929956567487545	6.293316693068223	0.413065171818753
2011.5090620155079	1.8821567168284352	1.379668484201651	6.251459105826653	0.3926416980868021
2011.4101218111387	1.8904058563561914	1.3492440006524815	6.80360942799729	0.3635201000780943
2011.3111816067694	1.8608093180332594	1.2783493967299093	6.621363626908402	0.31871894413474045
2011.2122414024002	1.8635209993819557	1.212262457997114	7.306928238622133	0.2769542292829326
2011.113301198031	1.9088229308477647	1.163623928777178	7.7888525160978	0.26988136666626084
2011.0143609936617	1.9731707696949248	1.1473311332286098	8.70748510143575	0.26464955241114224
2010.9154207892925	1.951535351663803	1.174901710530807	9.552477704600246	0.2809171106918727
2010.8164805849233	1.9877234227361256	1.1675254257408818	9.485050485009547	0.2864994321109848
2010.717540380554	2.0724271456012557	1.1836451018697844	10.594663017631847	0.276766025508145
2010.6186001761848	2.211579250955906	1.146657044750192	12.919942309263721	0.3150342709314753
2010.5196599718156	2.4101887890803924	1.1976646523846575	18.135112325025815	0.28002487015985555
2010.4207197674464	NaN	NaN	NaN	NaN
