	GMRF Skyride: rsvb_12_19season_combined.log			
Time	Mean	Median	Upper	Lower
2015.1612	15.494539711976778	11.402386292788316	50.04570490509517	3.392435690136006
2015.0918234834176	14.685025224163901	10.988818375858925	45.834323224182725	3.6021952994181454
2015.022446966835	13.871511363797092	10.567648052583888	41.59836380009633	3.5844785671965824
2014.9530704502527	13.04558323530856	10.145908406094199	38.53502653223258	3.403461973020243
2014.8836939336702	12.22063644828538	9.607711815391728	34.990548429833275	3.2186565327682892
2014.8143174170878	11.402510951226617	9.0772802701169	32.61731648595798	2.964927686110029
2014.7449409005053	10.608628214093702	8.461005878026462	30.699685950610323	2.63256433755137
2014.6755643839228	9.814064821946694	7.869655880049114	28.138108858276492	2.357032397910076
2014.6061878673404	9.087407460652354	7.338521527431222	25.8633703493068	2.1658375466048074
2014.536811350758	8.451440176361777	6.804618664725463	24.618094676504384	1.9947247003436437
2014.4674348341755	7.924460597514766	6.368242343995464	22.816810876885196	1.8888807669979164
2014.398058317593	7.517739203336639	6.075738537414098	21.470594987541737	1.6841668489873913
2014.3286818010106	7.251506971555826	5.904330164369043	20.545952416716844	1.639590598967669
2014.2593052844281	7.231766706118891	5.870128627872458	20.59075174330048	1.5701519270201347
2014.1899287678457	7.415684153098632	5.984200618166292	21.66066258835694	1.5292561865221321
2014.1205522512632	7.823027238587256	6.283227957039387	23.18296231150093	1.5682408489753379
2014.0511757346808	8.527428677179381	6.799190066930255	25.857172354879957	1.5795813753150862
2013.9817992180983	9.494596128064286	7.487112263683954	28.939182215031753	1.6263010190753389
2013.9124227015159	10.740047971367527	8.564002456684253	31.54101423824671	1.7818370800851218
2013.8430461849334	12.226439756389802	9.907862668650822	35.31610594060844	2.104560781221168
2013.773669668351	13.940921632090655	11.544605640080837	39.949048912119274	2.4588754109662165
2013.7042931517685	15.69733059599282	13.48264543936714	42.97212299916871	2.838384718398162
2013.634916635186	17.534739579788763	15.305981789297316	45.42555894190116	3.41433611569992
2013.5655401186036	19.40791357891004	17.1395748512671	48.12530346546784	4.4082098362044455
2013.4961636020212	21.223725161964676	18.845901808532467	51.08822271096976	5.456868974110389
2013.4267870854387	22.897316210678916	20.450429758200826	54.01162030971317	6.7928680276936815
2013.3574105688563	24.48312855315675	21.847374706227388	56.31693446007471	8.070117933215656
2013.2880340522738	25.954559657856258	23.219217233071817	58.79180480222772	9.054950347880116
2013.2186575356914	27.351713271864007	24.506968730515318	61.9182386336597	10.052372701395026
2013.149281019109	28.70592954270962	25.68244695163437	65.13686881905872	10.573304281915771
2013.0799045025265	30.09337664060026	26.941469472162257	68.38955717444537	11.07271879296597
2013.010527985944	32.284786140504536	28.806567204446175	72.38328679774878	12.482669843791895
2012.9411514693616	36.95548742695988	33.510359649146146	76.54129323967142	16.667983485544035
2012.871774952779	40.54435707537157	37.02868631100283	81.40324997087612	19.2627114931923
2012.8023984361967	42.17060704493908	38.95040286806681	83.74232956968675	20.458959523517503
2012.7330219196142	40.774204737866754	37.98257836421575	79.3827710058203	20.177056801965406
2012.6636454030318	39.18262855645552	36.04882630870484	76.19470665653708	18.732137167264117
2012.5942688864493	35.81445543869992	33.01389271040219	71.2319618098822	16.41294401314827
2012.5248923698668	31.343273111984008	28.924882046592444	62.990299585968955	14.228926618072792
2012.4555158532844	27.1314119761103	25.204244375493303	55.1076336225316	11.851086075313757
2012.386139336702	23.452551973451314	21.63634452454344	47.77515321067591	9.989846981126982
2012.3167628201195	20.53997061070766	18.83313213759344	42.19629402122238	8.248353935461573
2012.247386303537	18.695057821188627	17.059896782569236	38.81730063518546	7.181185348635345
2012.1780097869546	18.008560788777643	16.503727041004364	37.65061681897399	7.177131515438357
2012.1086332703721	18.860265115900436	17.470640302891866	38.128063034635886	7.85875449110963
2012.0392567537897	21.067531276982255	19.536577177892458	42.57845314155838	8.965642717750367
2011.9698802372072	25.00209877626608	22.919924709797634	50.82749295964456	11.029044582530158
2011.9005037206248	29.30413308229714	26.59169956996368	62.43975555527711	12.960543975558924
2011.8311272040423	32.89491858705896	29.392129391380315	72.06962232262364	14.346280424545963
2011.7617506874599	35.999181153619745	31.86727941336294	82.11409023436138	15.00729294003813
2011.6923741708774	38.212840771786006	33.48734921349868	87.0475766370013	15.562889140579681
2011.622997654295	39.826350456862286	34.7570202191604	95.24779567629487	15.53995223511135
2011.5536211377125	41.09342985388738	35.6901176732953	100.95671464275142	15.179108765407904
2011.48424462113	41.9678172240876	35.97016777239051	105.27012916416739	15.085954551942283
2011.4148681045476	42.39880721456876	36.157603124968524	107.84010263229052	14.464605936977117
2011.3454915879652	42.473454889471874	36.3158046223732	109.64982032232605	14.573473287636727
2011.2761150713827	42.588652665937346	36.372321038769364	108.95511611360533	14.276241949131302
2011.2067385548003	42.94448240666756	36.937030378989945	110.2066903531741	14.055376071905634
2011.1373620382178	43.600877615744835	37.55779473459451	111.16210461456616	14.34840018769488
2011.0679855216354	44.5098747944498	38.304156721949454	113.64099889472946	14.220883436618273
2010.998609005053	45.59820057764524	38.96257300511354	120.33977621100411	13.499125731869198
2010.9292324884705	46.91103059291314	39.77828361418933	128.2758517091066	13.530971504736154
2010.859855971888	48.346799132924815	40.44196355904523	131.9445260044338	13.372817189945739
2010.7904794553056	49.619845681576734	41.04432103670792	139.71744279723615	12.82078015221415
2010.721102938723	50.74881097556144	41.75503646452813	144.39927845497954	12.514289650817933
2010.6517264221407	51.839475797654124	42.28186725296286	149.4788344926996	12.112514519063488
2010.5823499055582	52.582944041001845	42.43357370086578	151.3288818540193	11.633590966246988
2010.5129733889758	53.10906210628176	42.822727538953714	153.01959434310407	11.280065521776468
2010.4435968723933	53.508689327297155	43.18499598253027	156.20048477284428	10.855306563362634
2010.3742203558108	53.9097134336266	43.34690319418257	160.4551982295687	10.560250785071458
2010.3048438392284	53.759381011047694	42.99208831834198	160.94245322319375	10.083493474895251
2010.235467322646	53.52022426208821	42.72164506963935	164.0922791725758	9.712640890073537
2010.1660908060635	52.98813013681949	42.020352710105605	162.7918060872194	9.015825359904259
2010.096714289481	52.26122568895194	41.56924911681825	160.19201613950457	8.325698584452322
2010.0273377728986	51.55717033277928	40.49169395180667	163.17744445821185	7.820521237399139
2009.9579612563161	50.74680040364227	39.585936885867106	159.81978636396812	7.018343153907185
2009.8885847397337	49.55157862967783	38.495349380403425	157.36899774420357	6.8205290572361115
2009.8192082231512	48.48201060765527	37.68269648920349	157.86082265670115	6.1052436276646045
2009.7498317065688	47.25314362339401	36.32985610609512	154.09362060225968	5.912524596808532
2009.6804551899863	46.11067261827361	35.45371238852587	152.504741613676	5.753386889862625
2009.6110786734039	44.938104984849346	34.490590485428676	152.06471621397966	5.396038358660167
2009.5417021568214	43.597610267639084	33.440949535336465	150.15216783883704	5.150336416285498
2009.472325640239	42.25380173825864	31.971890668162178	144.32244296769804	4.78088410867853
2009.4029491236565	40.88296231958189	31.02719007584919	138.67281473295978	4.5093653894166525
2009.333572607074	39.51509007849212	29.8064923217195	134.6847685444738	4.233323192033515
2009.2641960904916	38.14621088118521	28.736003009811583	129.75334980195186	3.880856306792737
2009.1948195739092	36.85720179872967	27.285624796676913	127.05355078405277	3.660900368782087
2009.1254430573267	35.595910132373916	26.160085378310363	122.17575196880351	3.4051051450482297
2009.0560665407443	34.42590125145698	24.99892081846752	118.64904119011227	3.2391948929863563
2008.9866900241618	33.30126727043635	24.146976576051287	117.06711662996129	3.103021837965397
2008.9173135075794	32.162042372376234	23.324829754274834	114.26003095809999	2.9503006528225564
2008.847936990997	31.047733896284978	22.18914453760765	110.08404917446936	2.7946555551910524
2008.7785604744145	29.986102850883277	21.22748977932953	107.17034839649446	2.73767945076518
2008.709183957832	28.85744444905454	20.208268620980423	106.14613264944987	2.551954748165694
2008.6398074412496	27.861126116675507	19.408317338350606	102.69085342176868	2.556995382031391
2008.570430924667	26.86166885512343	18.674244745718813	100.50950692007896	2.5427418309793755
2008.5010544080847	25.980450926198664	17.827059107580283	95.3578481717805	2.5125106161400823
2008.4316778915022	25.063937939316617	17.00244307932585	92.96428475105242	2.389864129424383
2008.3623013749198	24.26920187936311	16.492019708359155	92.1971358694766	2.293706743738864
2008.2929248583373	NaN	NaN	NaN	NaN
